Cód. cliente,Lat,Lon
2.0,41.5107339,2.0913214
5.0,41.5897431,2.046793
8.0,41.9146757,2.2569109
9.0,41.848748,2.2138289
11.0,41.969029,2.806631
13.0,40.3838223,-3.9301458
14.0,40.52517,-3.630783
15.0,41.956098,2.8194707
17.0,36.3896325,-6.089103199999999
20.0,40.4985181,-3.7058794
21.0,42.7891988,-1.6681207
22.0,43.340791,-8.394737
23.0,42.8151697,-1.6380493
24.0,41.133522,1.245997
25.0,40.5230187,-3.596457
27.0,41.5372798,1.8694944
28.0,41.3658296,2.0996222
31.0,37.162219,-3.6024976
34.0,42.8251409,-1.6493532
37.0,43.40052980000001,-3.8237862
39.0,42.4401799,-8.6567897
40.0,40.470233,-3.940025
41.0,40.623263,-3.587720999999999
42.0,40.4105333,-3.6963003
43.0,41.69593760000001,2.2792747
44.0,41.4849143,1.8589758
45.0,40.5116356,-3.6432838
46.0,40.47295829999999,-3.6633677
47.0,42.46756999999999,-2.43661
48.0,41.54549710000001,2.1131297
49.0,41.4924933,2.0699881
50.0,40.0007055,-0.0227948
51.0,41.4628731,2.0610372
55.0,41.589229,1.583765
57.0,40.4931692,-3.8743932
58.0,42.5900741,-5.569585099999999
61.0,41.5024115,2.3468195
62.0,41.3435845,1.7003706
65.0,39.246716,-0.5352355999999999
66.0,42.1706166,-8.8114707
67.0,43.544887,-5.635880999999999
68.0,41.7237714,1.8343125
73.0,41.4696305,2.0831829
80.0,41.3484868,2.0239681
82.0,40.41154239999999,-3.792679999999999
84.0,41.4628731,2.0610372
88.0,41.5019255,2.1048538
89.0,41.443662,2.079187
90.0,41.589229,1.583765
91.0,42.460731,-2.416053
92.0,40.5272002,-3.6214542
93.0,39.87668,-4.031938000000001
94.0,37.77739500000001,-3.890856
96.0,37.8898568,-4.783656700000001
97.0,39.6343248,2.631838
99.0,39.4842763,2.8901388
102.0,41.6154601,1.8459734
103.0,41.355567,2.121402
104.0,41.56206299999999,2.013871
105.0,41.5788358,1.6265532
107.0,40.4261105,-3.8060975
108.0,41.5390035,2.1103312
109.0,41.485358,2.187988
110.0,41.5759282,2.0248701
117.0,41.082092,1.134005
120.0,41.7324886,0.4394347
122.0,41.5587181,2.0248364
124.0,41.9561734,2.8193523
125.0,41.3733741,2.0812769
126.0,41.506432,2.389349
127.0,41.0742995,1.0516848
128.0,41.4240632,1.7911217
130.0,41.2526573,1.5545741
131.0,41.6819418,-0.8867775999999999
132.0,41.9594288,2.8228124
135.0,41.849817,3.1349674
136.0,41.56150419999999,2.0167685
138.0,41.3828055,2.0888186
139.0,41.63376299999999,1.9979411
140.0,41.3797475,2.0931229
141.0,41.81358549999999,2.0956896
142.0,28.14735,-15.5329287
143.0,39.4692592,-0.35232
144.0,40.4342706,-3.6893051
147.0,40.6099356,-3.707685
148.0,40.61423,-3.718259999999999
149.0,41.5307,1.38321
150.0,37.3582106,-5.9870385
152.0,41.7003497,2.719536
153.0,41.538872,2.110015
154.0,28.5122339,-16.2904635
156.0,41.4603293,2.0703115
157.0,42.8142568,-1.6432837
160.0,43.321805,-3.123786
161.0,41.9120325,1.675391
162.0,43.314192,-1.9802515
164.0,41.49833,2.1785899
166.0,41.3155991,2.082495
167.0,40.4653065,-3.6483376
171.0,38.6777117,-6.396116
172.0,42.4391548,1.9336796
173.0,28.1019428,-15.4498286
177.0,41.2048706,1.1448981
178.0,28.4857355,-16.3207024
179.0,37.6224883,-0.965889
181.0,41.9312098,2.2456476
189.0,41.409422,2.1989034
190.0,39.5495484,-0.3891098
193.0,41.93302870000001,2.797955
197.0,40.9363706,-4.1098362
198.0,37.2923274,-1.8771376
199.0,42.8142332,-1.6408252
200.0,38.8773998,-6.9666172
201.0,41.9273762,2.2531929
202.0,41.5499266,2.0217178
204.0,42.3566015,-3.6904943
205.0,42.8251409,-1.6493532
207.0,42.345025,-7.809455000000001
209.0,41.9679236,2.8379201
210.0,36.8393321,-2.4587461
211.0,41.3557233,2.0246903
212.0,40.623263,-3.5877209
213.0,41.486036,2.079194
214.0,42.21329,-8.6931545
215.0,41.8137407,3.0588683
218.0,28.4696373,-16.2500078
219.0,41.3486366,2.0705131
221.0,42.79132999999999,-1.6249273
223.0,36.7443967,-4.560593
225.0,43.2155437,-3.1337135
226.0,40.433202,-3.639432
231.0,42.8389445,-2.6741692
233.0,41.5107339,2.0913214
235.0,37.14776200000001,-3.602071
236.0,41.82355829999999,1.8985131
237.0,43.4922417,-8.205696099999999
238.0,40.4189645,-3.7117806
239.0,39.1895709,-0.5305086999999999
243.0,41.579424,2.0327899
244.0,41.7244637,1.8183417
246.0,39.8763599,-4.032633
247.0,41.6525537,-4.7216322
249.0,40.52709,-3.6295169
252.0,40.4570185,-3.6750005
254.0,28.6046681,-17.7784298
255.0,36.686798,-6.137468000000001
256.0,43.3680162,-8.4034748
259.0,41.6260902,-4.7734057
262.0,37.827577,-0.7792344999999999
265.0,41.8137407,3.0588683
267.0,42.428756,1.92708
270.0,36.8379422,-2.4611346
272.0,36.7134613,-2.8005931
273.0,39.65445860000001,2.5693337
274.0,41.388004,2.1132804
275.0,41.6181671,0.6310768999999999
276.0,36.80229380000001,-2.6225667
277.0,43.3311288,-2.9728316
279.0,37.9914604,-1.1269006
280.0,39.83546,3.11591
282.0,40.0586671,-3.6061867
286.0,37.3836768,-5.9743798
289.0,42.0030651,-4.5286734
290.0,41.5904841,2.5737079
291.0,41.5609261,2.0108298
292.0,36.5140502,-6.2832114
293.0,37.3209407,-4.011284799999999
294.0,37.324863,-4.158714
295.0,28.393927,-16.523196
298.0,43.268833,-2.9296427
301.0,41.9300817,2.2594848
302.0,40.5912849,-3.7066223
303.0,41.3677589,2.071901
304.0,28.6887569,-17.7651015
305.0,37.6014065,-0.9789466000000001
306.0,41.3804807,2.0477857
309.0,37.2454958,-1.8648829
311.0,41.4577517,2.0742239
314.0,41.5773923,2.0143398
318.0,40.3903559,-3.7282178
319.0,41.485358,2.187988
321.0,40.4605972,-3.661096
322.0,41.4912041,2.2632111
323.0,41.39679599999999,2.1486886
326.0,41.9592929,2.8141309
329.0,41.4628731,2.0610372
333.0,42.748248,-1.599497
335.0,41.486036,2.079194
336.0,37.3507267,-5.8619983
339.0,38.678593,-6.4194992
342.0,41.50288,2.3868
344.0,43.353438,-4.0474087
345.0,41.2135502,1.5237514
347.0,41.9251078,2.254819
348.0,28.1160057,-15.4216675
349.0,37.909612,-4.8014626
350.0,37.96871240000001,-4.4553325
351.0,41.69517039999999,2.7296905
355.0,42.795815,-4.27151
356.0,43.291216,-2.862195
357.0,39.5457027,-0.394077
358.0,43.3692158,-8.4037571
359.0,38.0893872,-0.9412353999999999
360.0,41.65325,0.5574049999999999
362.0,41.5794528,2.0115794
363.0,41.9411887,2.8079399
366.0,37.8622816,-0.800076
371.0,42.29626090000001,2.5693337
372.0,41.3690812,2.1002405
375.0,38.27369230000001,-0.637207
377.0,42.03376,1.87887
379.0,41.383901,2.084434
380.0,41.8507136,3.1316592
382.0,42.0571376,1.2684445
384.0,39.4476364,-0.3704586
387.0,41.54549710000001,2.1131297
388.0,39.921369,-0.095328
391.0,36.8550801,-6.0339408
392.0,36.871609,-6.1806263
393.0,42.792011,-4.259763
394.0,39.5632458,-0.5425975
395.0,35.8874443,-5.3096821
399.0,36.5145816,-6.275012
400.0,28.3079186,-16.4052541
402.0,41.6899647,2.1613892
404.0,42.456778,-2.452915
407.0,41.7841728,1.2890162
408.0,40.472508,-3.940343
409.0,39.71777429999999,2.9075475
410.0,41.13302849999999,1.2429231
412.0,43.3709359,-8.390055199999999
413.0,43.5317093,-8.071684
414.0,41.6198323,2.0920853
416.0,39.5612466,-1.9123934
422.0,37.8904706,-4.807000299999999
423.0,40.3939933,-3.7790796
427.0,38.8572378,-1.09694
428.0,35.8888946,-5.3200942
435.0,41.9772086,2.8129778
437.0,37.8854572,-4.776995500000001
438.0,40.95271220000001,-5.6191045
441.0,39.4841246,-0.358143
442.0,40.9690834,-5.6670205
444.0,37.987501,-1.111265
445.0,39.6339388,2.6342508
446.0,41.357388,2.119032
451.0,36.6771888,-6.126637100000001
452.0,39.5234308,-0.4156806
453.0,39.40202,-0.411838
463.0,40.965951,-5.657956
464.0,39.4867654,-0.3976107
465.0,36.8239641,-2.5842062
466.0,38.6289448,-0.8484524
468.0,40.4670317,-3.6726946
469.0,37.7795884,-3.802933
474.0,43.501022,-8.1923424
475.0,42.4618217,-2.4499536
477.0,43.37598699999999,-8.396835
478.0,36.8291139,-2.4031275
480.0,28.6593621,-17.9160065
482.0,42.01114099999999,2.8251707
484.0,41.2866534,1.2521725
486.0,28.393927,-16.523196
489.0,42.4157324,-2.7344038
491.0,39.411334,-0.466778
494.0,41.6687715,-0.8390367999999999
495.0,36.5135952,-4.8870764
496.0,43.3425813,-2.8204306
497.0,37.987501,-1.111265
501.0,41.6190371,2.5381161
505.0,38.0814532,-0.9462602
507.0,39.7271102,2.9190833
508.0,41.5398661,2.1183872
509.0,39.6256481,-0.3014376
511.0,43.5366273,-5.701703699999999
513.0,28.397076,-16.5507261
515.0,41.46269059999999,2.0599425
516.0,28.4909192,-16.3168713
517.0,42.2679013,2.9520278
518.0,41.3470745,1.7001211
519.0,41.4924933,2.0699881
521.0,41.905847,-1.722045
524.0,37.3598432,-4.5418141
529.0,41.3470745,1.7001211
530.0,40.472508,-3.940343
532.0,42.1033283,1.8419641
533.0,40.391435,0.405367
537.0,40.448148,-3.675616
542.0,43.324623,-3.028643
543.0,41.345037,1.697804
544.0,41.6499543,-0.8922800999999999
546.0,41.57515100000001,2.032212
549.0,40.4119011,-3.6672316
550.0,41.3471675,2.0373476
551.0,43.3181366,-1.919743
554.0,43.3108747,-3.0571113
555.0,42.813426,-1.598832
556.0,41.4573378,2.0910377
557.0,40.43445639999999,-3.669181
559.0,39.4683848,-0.3707161
561.0,38.9861653,-1.8553574
562.0,39.5497193,-0.3884198
567.0,38.111802,-2.549213
568.0,41.3604368,2.1217307
569.0,42.2011797,2.1882442
570.0,41.8785844,2.5075627
571.0,41.9174479,0.1833782
574.0,39.46409360000001,-0.3845838
575.0,43.2858087,-2.8974964
576.0,43.26506089999999,-2.9357676
578.0,41.95723,2.637971
580.0,41.549491,2.400437
581.0,28.3185902,-16.4160921
583.0,43.3552506,-3.0050628
585.0,41.082092,1.134005
586.0,43.3063249,-1.9767264
587.0,40.470233,-3.940025
588.0,41.67831,2.780665
590.0,37.6521555,-1.0181199
591.0,42.1360545,1.9923352
592.0,40.42672659999999,-3.8457925
593.0,28.14735,-15.5329287
594.0,43.2396008,-2.8777027
595.0,41.627769,0.8929727000000001
597.0,36.5998948,-6.2459042
598.0,43.3451802,-4.0388918
599.0,28.4703391,-16.2625256
602.0,38.020348,-1.164314
604.0,40.448148,-3.675616
608.0,39.4772869,-0.3664211
610.0,41.4736401,1.9298836
612.0,40.63838399999999,-3.99676
614.0,41.546486,2.100742
617.0,40.4563733,-3.6952896
618.0,41.5409443,2.4348212
619.0,41.6313965,1.005455
620.0,40.4570185,-3.6750005
623.0,41.5399791,2.2099201
624.0,41.5476631,2.1018266
627.0,43.3703937,-8.3913105
630.0,28.1236845,-16.7387964
632.0,28.3790137,-16.5840278
633.0,42.0099561,2.0293933
634.0,39.982061,-0.022766
635.0,41.5795979,2.0307546
636.0,41.3459989,2.0221746
637.0,41.6055029,0.6158644999999999
641.0,40.4072602,-3.6395141
644.0,37.7568871,-1.4822521
646.0,40.4164428,-3.6729998
648.0,40.4353896,-3.693819699999999
649.0,41.5942004,1.9783666
654.0,41.4126001,2.0281443
656.0,42.3240601,-3.7130493
657.0,41.2886688,1.2556853
659.0,41.0833959,1.1312432
661.0,41.49316779999999,2.0354814
662.0,41.5843622,1.6250459
665.0,40.497018,-3.704398
666.0,41.6340866,-0.9055519999999999
668.0,41.581551,1.60944
671.0,41.530646,2.120093
672.0,42.04775619999999,2.265303
674.0,36.1082568,-5.4369464
675.0,41.34824529999999,2.0249835
677.0,39.19133,-0.43738
680.0,41.479237,-1.373586
681.0,41.9806335,2.8107727
683.0,41.950992,2.816394
687.0,42.8442359,-8.6420976
688.0,41.5748949,2.2390323
689.0,43.3944983,-5.658941400000001
691.0,39.8680945,-4.0210189
693.0,37.3890129,-5.7141879
694.0,42.3369238,-3.7105519
698.0,41.9764363,2.8193056
702.0,43.3716637,-3.0225754
703.0,40.3276718,-3.7505998
704.0,39.719911,2.872428
706.0,41.9777457,-1.4458483
709.0,37.3822261,-6.0123468
712.0,28.6867588,-17.765231
715.0,37.602581,-1.3123333
722.0,41.6905393,2.3537953
724.0,28.9598144,-13.5591952
726.0,42.4353986,-2.9526666
729.0,36.7344477,-4.466913100000001
730.0,41.4596439,2.2180963
731.0,40.4458509,-3.6136004
732.0,40.3819957,-3.6700483
733.0,40.490208,-3.357037
734.0,41.6466529,-0.9334944999999999
735.0,28.057236,-16.7169478
736.0,41.6149905,2.2732292
738.0,38.4716212,-0.8198774999999999
740.0,40.354513,-3.74432
741.0,41.5356515,2.1215885
742.0,28.8015997,-17.7748838
744.0,39.1827727,-0.4375332
745.0,41.61822919999999,0.6164143999999999
746.0,37.2202088,-3.6893661
750.0,36.8391599,-2.6133298
751.0,38.9238812,1.431567
752.0,41.6220806,-4.749076899999999
753.0,41.9643483,2.8291316
754.0,28.4875651,-16.3148128
755.0,38.9080228,1.4257398
756.0,38.8850977,1.3917831
757.0,38.9269573,1.4144827
758.0,41.9777457,-1.4458483
760.0,28.4597201,-16.2786376
762.0,41.4942897,2.3683365
763.0,39.641222,2.645559
764.0,36.7270227,-4.4414093
765.0,40.5528691,-3.6410655
767.0,37.3473933,-2.4393666
772.0,41.49459909999999,2.297709
775.0,37.3479161,-2.3580907
776.0,41.916584,3.1602204
778.0,39.46787279999999,-0.3254317
780.0,41.4763221,-4.5905441
781.0,41.2200423,1.5348458
782.0,39.979615,-4.2795629
783.0,39.7120008,-3.804840199999999
784.0,40.3136905,-3.8463594
787.0,42.5904234,-2.7931771
791.0,37.9797948,-1.1183273
798.0,41.52303240000001,2.1277847
802.0,38.64385,-0.87349
806.0,42.3567159,0.7865654999999999
807.0,41.9328874,2.2546159
809.0,41.87193,2.18441
810.0,41.3933335,2.0124273
812.0,40.4486372,-3.7192798
813.0,40.9613376,-5.666925099999999
815.0,40.465621,-3.7708488
816.0,40.3030739,-3.7081727
821.0,41.5748949,2.2390323
823.0,43.4624332,-8.1840808
827.0,42.4602689,1.9832594
832.0,42.210635,-8.767325999999999
833.0,41.11966090000001,1.260497
835.0,41.4943077,2.3706835
838.0,35.8896631,-5.3039399
839.0,39.642701,2.646603
840.0,28.1460959,-15.6523547
841.0,38.720998,-1.9103904
842.0,39.5854984,2.6825802
845.0,41.38233779999999,1.9283418
847.0,40.33013,-3.7591401
848.0,36.823732,-2.5837257
851.0,39.7318676,3.0514188
852.0,40.7850377,-2.6211926
853.0,41.7017163,2.718618
854.0,28.119116,-15.4256375
856.0,41.6163277,2.0846853
859.0,40.4063013,-3.6699295
860.0,37.3393345,-5.849245499999999
862.0,41.45334,-5.72969
863.0,39.19133,-0.43738
865.0,28.6580899,-17.9068817
866.0,36.788096,-6.3406696
868.0,41.5580597,2.0250883
869.0,40.2950623,-3.8019411
870.0,39.9868923,-4.2869585
871.0,41.5769412,1.6330496
872.0,39.9488282,-3.4955419
873.0,40.4436215,-3.4905238
875.0,41.315149,2.012564
876.0,41.49426500000001,2.131352
877.0,41.6780256,2.2863967
878.0,41.3632668,2.1037589
880.0,41.57515100000001,2.032212
881.0,42.4615392,1.9788312
882.0,41.5211753,2.4060513
885.0,41.8288164,2.8918474
886.0,37.4011774,-5.9253484
888.0,41.49364569999999,2.0175242
889.0,41.4977439,2.1538986
891.0,41.6463225,1.1429122
893.0,40.4516053,-3.7201104
894.0,41.3011399,2.0012267
897.0,41.4044171,1.9931231
899.0,39.931894,4.138285
900.0,36.6746415,-6.1312608
901.0,41.7548496,1.8686947
902.0,39.5237033,-6.2800864
903.0,41.5559501,2.1601117
904.0,41.4142356,2.1896022
905.0,40.3472742,-3.8137296
906.0,38.3567087,-0.5058289
907.0,41.385417,2.0805
909.0,41.348748,1.693361
910.0,41.3610872,2.0718053
911.0,41.4044171,1.9931231
913.0,41.289305,1.246017
916.0,41.4931546,2.181871000000001
918.0,37.388549,-6.047355599999999
919.0,41.6195623,2.0918749
920.0,40.4473825,-3.811119999999999
922.0,41.6527644,2.7438116
923.0,41.248036,1.2957364
924.0,41.643235,2.739238
927.0,40.5768089,-3.9539207
929.0,36.6819541,-4.474826
930.0,39.9837973,-0.03031979999999999
937.0,38.473851,-0.3842527
941.0,37.7262803,-1.1747708
942.0,41.5715343,1.6484471
945.0,41.5528032,2.1548082
947.0,41.7606669,2.1475189
948.0,41.363667,2.131099
949.0,41.2887209,1.9734434
950.0,41.6485263,2.3642549
952.0,41.3493597,2.1131184
955.0,41.3486366,2.0705131
956.0,41.4891683,2.1879282
957.0,40.3963461,-3.7612196
958.0,38.3379395,-0.4915329000000001
960.0,40.4541834,-3.6931088
961.0,36.705001,-6.122764
962.0,38.8253126,0.1201659
964.0,39.9130362,-0.1989985
965.0,41.3707611,2.1117884
967.0,41.5378449,1.8682421
970.0,42.4315645,1.9294099
971.0,41.9992019,2.2841618
972.0,28.3790137,-16.5840278
973.0,41.3071108,2.0013382
974.0,41.4049843,2.1215123
975.0,41.5476078,2.2109333
976.0,36.729525,-4.384002499999999
978.0,36.51561780000001,-4.8962729
980.0,41.1541718,1.097894
981.0,41.6166725,2.0892257
982.0,28.4256303,-16.3022339
983.0,28.6593621,-17.9160065
985.0,41.505487,2.298466
987.0,39.8710026,-4.0229788
988.0,41.8173725,2.5157401
989.0,41.52496110000001,0.3384078
990.0,41.394634,1.095997
991.0,39.305612,-0.414015
993.0,39.5091588,-0.4517221
995.0,41.4924059,2.1403739
997.0,28.092644,-15.455829
1001.0,42.4639864,1.4929012
1004.0,41.525801,2.1267175
1005.0,43.1581231,-2.070372
1006.0,41.4951849,2.1837654
1008.0,41.4219524,1.9948744
1010.0,41.4430074,1.8616983
1011.0,41.424563,2.211812
1012.0,42.41824219999999,-6.9862682
1015.0,40.9701438,-5.666316999999999
1016.0,41.5771829,2.0344488
1017.0,41.575083,2.2493859
1022.0,41.3999835,2.1487078
1024.0,42.634134,-8.873782
1025.0,39.5613087,2.6240111
1027.0,41.1837686,1.2078084
1028.0,41.7229559,-1.0246588
1030.0,38.9666092,-0.1788206
1031.0,41.5154855,1.7076534
1032.0,37.8449184,-1.4255783
1034.0,41.2876497,1.9734998
1035.0,41.3747912,2.1037553
1036.0,41.372991,2.1108278
1037.0,41.2901468,1.6165908
1039.0,41.2684531,2.0249442
1040.0,41.5402288,2.0470838
1041.0,41.6407546,-4.7457831
1042.0,39.8743554,4.2612647
1045.0,37.2539714,-6.9370069
1046.0,39.93291079999999,-0.1042499
1052.0,41.6358693,2.3620589
1053.0,39.4631532,-0.3689692
1056.0,41.4603293,2.0703115
1058.0,41.5590528,2.081356
1059.0,40.431722,-3.6318267
1061.0,41.9365765,2.264418
1063.0,42.1120473,-8.766489199999999
1064.0,41.6402185,2.7062437
1066.0,41.3933335,2.0124273
1067.0,40.3821892,-3.6715865
1069.0,43.3713206,-8.3958108
1070.0,41.8136282,3.0583363
1071.0,41.48451559999999,2.0333498
1073.0,41.5550799,1.95417
1074.0,41.55708480000001,1.9880403
1075.0,43.316098,-2.917888
1077.0,40.2471106,-3.8197908
1078.0,41.3421037,2.0470808
1079.0,41.3621104,2.1018189
1080.0,40.4545529,-3.694582699999999
1081.0,42.6805232,-2.9523757
1082.0,42.0011259,-4.528865
1083.0,42.1186584,3.1379986
1085.0,40.4068676,-3.702133
1086.0,40.367798,-3.765222999999999
1087.0,41.545398,1.894974
1091.0,41.6156605,2.6505836
1092.0,42.0099561,2.0293933
1094.0,41.5925993,2.5783574
1096.0,41.635413,2.707529
1097.0,41.5312477,2.115637
1098.0,41.650106,1.1457187
1103.0,38.2711274,-0.6679291
1104.0,28.4559953,-16.3126447
1107.0,41.3640938,2.0256294
1108.0,38.2398615,-0.5290037
1111.0,41.5698449,1.9965808
1112.0,41.327489,2.096083
1113.0,36.7358542,-4.427167
1114.0,40.0327818,-3.5915315
1115.0,37.38449,-6.0711251
1117.0,40.4410184,-3.7119788
1119.0,28.119223,-15.424266
1120.0,36.6874181,-6.1341845
1123.0,43.146524,-2.961848
1125.0,41.3456244,2.0271707
1127.0,37.4416148,-3.4391076
1128.0,41.0828523,1.1318927
1129.0,37.4141339,-6.0713178
1130.0,28.31579,-16.41114
1132.0,36.6250184,-4.4976828
1133.0,39.5683199,-0.3345302
1134.0,40.650828,-4.679778
1135.0,42.33737259999999,-3.6286318
1136.0,42.604541,-5.574628
1137.0,42.0010448,-4.528569200000001
1138.0,40.950165,-4.120916
1139.0,41.7682229,-2.4697826
1140.0,41.6647045,-4.721973
1142.0,40.97783099999999,-5.611746
1143.0,41.5424357,2.2068769
1145.0,42.2105617,2.6042365
1146.0,40.422369,-3.644582
1147.0,41.5839016,-4.722476599999999
1150.0,40.5706015,-3.9545356
1151.0,40.6653159,-4.087898
1152.0,40.4462975,-3.7327343
1153.0,40.9468945,-4.1146091
1154.0,40.455345,-3.59455
1155.0,41.34979329999999,2.1075183
1156.0,41.6843945,0.4990441
1158.0,28.0953529,-15.4390254
1160.0,41.1198629,1.2128311
1161.0,40.4458377,-3.6810785
1163.0,40.2786107,-3.7969765
1165.0,39.4554655,-5.886869799999999
1168.0,41.5639521,2.0117478
1169.0,41.6211609,0.888919
1170.0,28.4719954,-16.2576967
1171.0,41.1608173,1.2412296
1172.0,43.284771,-2.1713967
1173.0,42.858937,-2.6873477
1175.0,42.3542546,1.7014238
1177.0,41.561642,2.013749
1179.0,40.4574767,-3.6860746
1181.0,41.4922005,2.0559417
1183.0,41.3779068,2.0420232
1184.0,41.3877198,1.9434701
1186.0,43.263831,-5.740470999999999
1188.0,41.8255038,2.1648914
1189.0,37.1435942,-3.641288499999999
1190.0,40.4599721,-3.6892739
1197.0,37.389691,-6.126192500000001
1207.0,41.2987914,1.9930466
1212.0,42.33714,-3.72647
1219.0,40.3987567,-3.6494129
1223.0,41.2987914,1.9930466
1225.0,41.2141385,1.5230758
1232.0,37.1435942,-3.641288499999999
1236.0,41.352474,-1.648465
1239.0,36.676877,-6.114546
1240.0,37.0953641,-4.3799847
1244.0,42.863391,-4.4949419
1297.0,41.5804955,1.6101639
1344.0,41.4266673,1.9969753
1348.0,41.5966911,1.6305431
1360.0,42.09542,1.823709
1371.0,43.25916609999999,-2.9413208
1374.0,40.7030337,0.5615854
1375.0,39.463861,-0.3689508
1379.0,41.5245306,-5.3881301
1384.0,40.4628304,-3.6957061
1385.0,38.3405564,-0.5147809
1387.0,41.9709262,2.6197782
1390.0,40.486564,-3.6619954
1391.0,38.9344834,-6.9960925
1394.0,41.625981,-4.715516
1395.0,37.8861903,-4.7827516
1398.0,28.4843195,-16.3213623
1400.0,38.940815,-0.1343252
1402.0,40.2318934,-3.3533402
1403.0,41.4146039,2.1565104
1405.0,39.1613881,-0.2495068
1406.0,41.7160157,2.8277963
1407.0,40.9638548,-5.666878
1409.0,40.1552314,-5.2388254
1412.0,42.4134015,-8.649042099999999
1413.0,39.8896261,-0.2561025
1414.0,38.5037223,-0.7342734
1415.0,40.448453,-3.581378
1419.0,40.995245,-5.719526999999999
1422.0,40.512814,-3.9113634
1428.0,41.977729,2.8212963
1429.0,41.4068151,2.1174781
1432.0,39.5469561,-0.4577923
1445.0,38.8335128,0.1014257
1451.0,39.4697144,-6.379643799999999
1459.0,43.3161351,-3.0250778
1460.0,39.9870027,-0.0390704
1461.0,41.5889462,-4.7250043
1463.0,41.6528561,2.7630471
1465.0,41.5399791,2.2099201
1466.0,42.510205,1.533341
1467.0,41.5652297,2.0297483
1470.0,42.34139529999999,-3.7106394
1472.0,41.391754,2.0099339
1473.0,42.846201,-2.677707
1476.0,41.58454,2.32501
1480.0,42.00141740000001,2.274528
1481.0,41.1469391,1.1156538
1483.0,41.9749,1.87802
1484.0,39.4702978,-0.4094509
1486.0,42.8496919,-2.5452497
1492.0,40.0742765,-3.8819938
1493.0,42.2499922,0.9690365999999999
1494.0,41.61674989999999,-4.727625
1496.0,41.892007,1.0439718
1504.0,40.4490603,-3.6965976
1505.0,43.275876,-2.854839
1506.0,36.75389,-5.81649
1509.0,41.7654983,-2.4668329
1510.0,36.75366,-3.5162
1524.0,43.2614972,-2.9054144
1531.0,41.55463870000001,2.1002917
1532.0,41.55463870000001,2.1002917
1536.0,43.333409,-2.9825553
1539.0,40.3137778,-3.786294
1540.0,41.3772561,2.0910377
1541.0,37.623639,-1.0039175
1542.0,39.5671384,2.670474
1545.0,28.4867324,-16.2669247
1553.0,37.3763278,-5.985808
1554.0,37.15014499999999,-3.603917
1555.0,41.3779068,2.0420232
1556.0,41.5592213,2.0805776
1558.0,37.2866633,-3.8766166
1563.0,40.4339802,-3.6988352
1566.0,38.6395921,-0.8644774
1567.0,40.4334255,-3.708577
1568.0,41.6177567,2.2896329
1569.0,40.3442783,-3.5385525
1573.0,38.6266377,-0.5727127
1574.0,36.744813,-5.160801
1579.0,37.3838148,-2.1414566
1583.0,41.4142823,2.0177406
1584.0,42.1647442,0.8917659
1587.0,41.4573378,2.0910377
1588.0,41.2619158,1.1679314
1592.0,41.5389516,1.8728531
1593.0,37.4646974,-5.644789299999999
1595.0,41.55745450000001,2.0812289
1600.0,37.4411041,-4.2120462
1605.0,43.5343915,-8.0723279
1607.0,40.5097994,-3.5306765
1612.0,40.5614212,-3.667394199999999
1613.0,40.4108343,-3.6065848
1614.0,42.5724678,-2.8444262
1615.0,40.3848083,-3.7054373
1617.0,39.49639,-0.4321240000000001
1629.0,41.4032725,2.124852
1637.0,40.50041,-3.6579575
1642.0,38.8906965,1.3903425
1645.0,43.2660332,-3.0025615
1648.0,43.3176681,-2.679413
1652.0,41.657431,-0.9340141999999999
1653.0,41.6205252,-4.746414300000001
1654.0,40.4563733,-3.6952896
1658.0,41.5672894,2.0250655
1664.0,40.6353,-3.23826
1665.0,40.4292006,-3.688750299999999
1666.0,43.537722,-5.663387000000001
1667.0,36.60144409999999,-4.532502
1670.0,41.61093839999999,0.6263118999999999
1672.0,39.5443335,-0.4592666
1674.0,41.385417,2.0805
1675.0,28.0421963,-15.4513053
1677.0,28.9580818,-13.5928664
1678.0,41.3136218,2.0744268
1679.0,40.4573624,-3.6507682
1682.0,28.0515443,-15.4478131
1683.0,38.7624891,-3.3859504
1684.0,42.2598792,2.9677573
1687.0,40.0414848,-3.684789299999999
1691.0,37.389691,-6.126192500000001
1695.0,41.1460485,1.0966641
1697.0,28.297444,-16.81552
1702.0,40.4588875,-3.6478953
1706.0,40.5558858,-5.6712772
1710.0,44.7170298,-0.7342734
1712.0,40.4913742,-3.7140199
1713.0,38.6143396,-0.1358522
1715.0,40.4644245,-3.6845087
1717.0,39.4372475,-0.4671774
1718.0,41.5222976,-5.3924447
1720.0,36.7512225,-4.4207811
1721.0,41.33094029999999,2.0916218
1728.0,42.791085,-4.258774
1729.0,43.3277432,-2.9124752
1730.0,40.3179163,-3.858644
1731.0,39.84972020000001,3.128571
1736.0,41.372815,2.099046
1741.0,39.5087074,-0.4296576
1742.0,41.6274603,0.8919537999999999
1748.0,41.3755747,2.1629349
1751.0,41.6382517,-0.887651
1756.0,43.2673455,-3.0039171
1757.0,43.2983356,-1.9879674
1759.0,41.444922,1.9661451
1762.0,41.90970000000001,2.1894322
1764.0,40.4614648,-3.7739869
1768.0,40.9460275,-4.1116098
1769.0,42.3691152,-3.6876803
1773.0,37.4353399,-4.789873099999999
1774.0,41.55521479999999,2.2227409
1775.0,41.9594288,2.8228124
1776.0,38.8908068,-6.9929687
1779.0,37.1848134,-5.7795147
1780.0,37.404558,-5.980369
1782.0,41.6070898,0.6169046
1783.0,41.7946942,3.0235577
1785.0,43.2224301,-3.3574504
1791.0,41.4141915,2.0229485
1792.0,41.78944,2.767235
1793.0,41.6019723,2.0851197
1794.0,41.37213999999999,2.055255
1799.0,28.1257438,-16.7293611
1804.0,40.6367104,-3.9980485
1806.0,43.26667990000001,-2.4967291
1807.0,41.4866918,2.1895804
1809.0,40.5513148,-3.8988309
1811.0,41.1413914,1.0508178
1812.0,41.61851619999999,2.0878764
1815.0,41.369224,2.063445
1816.0,40.3939933,-3.7790796
1817.0,41.83703999999999,2.80704
1824.0,41.49103849999999,1.8757422
1826.0,38.9893306,1.4338047
1834.0,41.79118630000001,3.0287425
1838.0,42.3427663,3.202891
1839.0,41.364151,2.1229311
1840.0,41.7637122,1.2602228
1842.0,41.1464732,1.3785887
1843.0,42.3580189,-3.6690383
1844.0,42.342826,-3.7040498
1845.0,41.1943959,1.6032464
1847.0,40.345537,-3.6744894
1848.0,40.0017242,3.8387058
1849.0,41.8108118,3.0379386
1851.0,40.5500028,-3.6612434
1852.0,42.790436,-1.682501
1853.0,41.4722348,2.1859723
1854.0,41.34152470000001,2.0392446
1856.0,41.4224992,1.9657371
1858.0,40.3152209,-3.7746423
1859.0,42.0933852,2.807864
1861.0,42.2546209,2.9590532
1864.0,40.500471,-3.667394199999999
1867.0,28.468591,-16.2825887
1868.0,42.3456842,-3.7238144
1877.0,41.541599,2.1050506
1878.0,41.3677713,2.1130895
1879.0,40.403548,-3.6706204
1880.0,41.63165499999999,1.855976
1883.0,41.121364,1.2576179
1885.0,39.5889573,2.6526136
1886.0,41.221338,1.726098
1888.0,41.3707611,2.1117884
1889.0,38.9218465,1.4255459
1890.0,43.0220553,-7.5659605
1891.0,41.9831432,2.8247808
1892.0,41.3126909,1.6480705
1894.0,41.4357786,2.2237041
1899.0,40.4853068,-3.7055264
1900.0,38.4014734,-0.4354078
1901.0,41.7561141,0.9057552
1904.0,36.7371094,-5.164867
1908.0,39.9106971,-5.5407299
1909.0,28.6593621,-17.9160065
1910.0,42.593848,-8.767392899999999
1912.0,41.147436,1.1009684
1915.0,41.9223045,2.2630366
1916.0,41.7909361,0.8158601999999999
1921.0,42.5127588,1.531341
1922.0,40.418298,-3.798206199999999
1926.0,43.29439,-1.96502
1927.0,41.615664,2.127463
1929.0,37.788385,-3.777133
1931.0,41.4444592,2.170351
1933.0,40.4600126,-3.5827602
1937.0,41.2379732,1.812734
1938.0,40.5030007,-4.0491077
1940.0,42.1336832,-8.7931736
1945.0,39.9819878,-4.271331
1948.0,42.8102317,-1.6687813
1949.0,43.301412,-2.998038
1951.0,28.5122339,-16.2904635
1952.0,36.4189521,-6.1359647
1954.0,42.5560294,-8.9930811
1955.0,37.3978326,-5.9396944
1958.0,39.8646455,-3.8960811
1960.0,37.3398998,-6.0618018
1962.0,42.2200645,-8.7588749
1963.0,42.2785596,-1.9685826
1964.0,28.1186468,-15.4274887
1967.0,42.8545522,-8.663711600000001
1969.0,38.9915413,-1.8559866
1974.0,42.1081826,2.7654357
1977.0,41.539931,2.273916
1978.0,42.5127588,1.531341
1980.0,37.976292,-1.105903
1983.0,39.4298274,3.0193414
1985.0,38.3647896,-0.4223126
1987.0,41.5804955,1.6101639
1988.0,36.75644,-2.629772
1990.0,41.23844039999999,-0.0436013
1991.0,37.8447778,-0.8511346999999999
1993.0,41.4784998,2.3049751
1997.0,43.0654484,-2.4923231
1998.0,42.2145547,-8.6869801
2005.0,43.3214075,-2.4322798
2006.0,43.1146719,-2.4136151
2007.0,40.444031,-3.702385
2009.0,41.2164651,1.5241465
2012.0,41.5589913,1.9960235
2017.0,40.9647308,-5.6705264
2022.0,41.1197351,1.2407057
2024.0,40.4465919,-3.5384801
2026.0,40.347013,-3.8108388
2027.0,41.4945329,2.1293592
2028.0,40.1074645,-3.6918516
2029.0,40.3008613,-4.0082563
2030.0,41.47376209999999,2.0612857
2034.0,41.60605899999999,0.6144217
2036.0,39.533098,-0.4309963
2037.0,39.5873077,3.1980527
2039.0,41.3395755,1.6940376
2042.0,40.458053,-3.642221
2043.0,43.1783198,-2.4201244
2045.0,39.4417473,-1.9579856
2046.0,43.326259,-3.0023539
2047.0,38.3853119,-0.5141444000000001
2048.0,42.3642112,-2.5034855
2050.0,41.3872208,2.083343600000001
2052.0,40.4295813,-3.7114248
2054.0,41.5707324,2.089041
2056.0,43.30442499999999,-2.012771
2058.0,42.0456049,3.1236148
2059.0,28.427486,-16.31681
2061.0,41.4503866,2.2201573
2062.0,41.5106438,2.110625
2064.0,41.6386377,0.5608003
2069.0,39.57690660000001,2.6253366
2070.0,36.8375502,-2.4648274
2072.0,37.888707,-4.767307
2074.0,40.4436129,-3.6500555
2077.0,41.9706307,2.7857314
2078.0,40.7201747,-4.241956399999999
2081.0,43.328086,-3.0372932
2082.0,41.1185547,1.2501117
2084.0,41.9631747,2.7362579
2085.0,41.3542461,1.7038642
2086.0,41.6359406,-4.7252937
2090.0,37.144134,-3.643945
2094.0,41.82355829999999,1.8985131
2095.0,41.9300817,2.2594848
2096.0,41.8173725,2.5157401
2097.0,41.849817,3.1349674
2098.0,42.4315645,1.9294099
2103.0,40.3444717,-3.6116494
2104.0,40.4023613,-3.7064128
2106.0,41.9992019,2.2841618
2108.0,43.5428512,-5.6195112
2110.0,36.7255803,-4.378292
2111.0,42.51077960000001,1.5403651
2112.0,41.3847121,2.0384695
2113.0,39.4404678,-0.3903448
2114.0,41.6780812,2.791544
2116.0,39.7621781,2.7107419
2120.0,41.6129219,0.6314323
2122.0,41.4818767,2.1871484
2125.0,40.3923831,-3.6374342
2126.0,41.4245083,2.2267799
2127.0,41.4155406,2.2218991
2128.0,41.4931546,2.181871000000001
2129.0,37.46894959999999,-4.4275123
2132.0,41.5486914,2.022447
2133.0,41.4176256,2.2201651
2134.0,41.3733316,2.1158063
2135.0,39.6165708,-3.332142
2137.0,39.5967559,2.6846036
2138.0,41.4921314,0.4622891
2139.0,40.0308589,-3.611888500000001
2140.0,39.5718857,2.6694411
2141.0,42.5904234,-2.7931771
2142.0,43.2997767,-2.9867681
2143.0,41.9764773,2.7960956
2144.0,41.5393444,2.0424821
2145.0,41.2901256,1.245101
2146.0,41.5525293,2.2656259
2148.0,41.555577,2.4640236
2149.0,41.33456839999999,2.0343258
2150.0,40.3890394,-3.635634999999999
2151.0,40.0342892,-3.908748299999999
2152.0,40.390924,-3.651897
2153.0,37.5997265,-0.9657357999999999
2154.0,42.8582687,-2.6754318
2155.0,43.4871466,-8.224857
2156.0,40.08312799999999,-4.121347
2157.0,40.0567607,-3.9987664
2158.0,40.3795311,-3.6684689
2159.0,41.5419038,1.8899686
2161.0,37.1840882,-3.595885199999999
2163.0,41.47376209999999,2.0612857
2164.0,40.899515,-5.200938
2165.0,41.7794103,-3.82471
2166.0,40.3115431,-3.7716617
2168.0,41.9590048,3.0547926
2171.0,41.5630599,2.0100833
2172.0,41.4121032,2.0164188
2173.0,37.28612,-6.055022000000001
2175.0,41.6165149,0.8668945
2176.0,36.4341608,-5.151799899999999
2178.0,39.889378,-4.065728
2180.0,42.9121206,-2.1352039
2184.0,28.3978333,-16.5539842
2186.0,41.8519983,-3.318747
2188.0,39.2411734,-2.9775558
2191.0,41.3896747,1.9539106
2192.0,42.3369238,-3.7105519
2193.0,42.693658,-2.922701
2196.0,42.1494126,-4.6921364
2197.0,41.3654413,2.0854738
2198.0,41.615269,0.6153719
2199.0,41.1413199,1.1135674
2200.0,41.1581869,1.1110831
2201.0,41.5770104,1.6323659
2202.0,40.39376250000001,-3.7376958
2203.0,41.423557,2.2286565
2204.0,39.3989006,-2.9439311
2205.0,39.5735691,2.6415134
2206.0,41.7086703,2.8404915
2207.0,40.0835276,-3.8785705
2209.0,41.61303789999999,2.2853938
2210.0,42.2564708,2.9602224
2211.0,40.0484923,-4.2141549
2212.0,41.1231144,1.215889
2213.0,28.4718475,-16.2589841
2215.0,41.38218440000001,1.1616166
2216.0,41.120129,1.257756
2218.0,40.5178137,-3.6425917
2219.0,39.4839155,-0.3772131
2220.0,41.6061465,0.6648303999999999
2222.0,41.214591,1.531288
2223.0,43.25971759999999,-2.9306993
2225.0,41.1656862,1.107164
2226.0,41.9592929,2.8141309
2227.0,38.2897569,-4.028678
2228.0,41.7368546,1.8277002
2229.0,41.6196208,2.676689
2230.0,41.66811,0.6056199999999999
2234.0,43.4830845,-8.205116199999999
2235.0,42.4919826,1.5111806
2242.0,37.9850434,-1.1221111
2245.0,40.4692373,-3.6791558
2248.0,36.7303557,-4.4178264
2254.0,36.8270874,-2.435696
2256.0,41.4781684,1.9827647
2257.0,28.9627201,-13.5516507
2258.0,41.6190371,2.5381161
2259.0,43.2743147,-2.9325543
2260.0,40.4715678,-3.4498346
2262.0,39.490789,-0.3915362
2263.0,43.480232,-8.2444995
2264.0,37.2199414,-3.688841
2265.0,40.3716437,-3.6057952
2270.0,41.6007824,2.6205634
2271.0,40.3829302,-3.6426825
2272.0,43.335443,-8.3887824
2273.0,42.7842926,-8.8886062
2274.0,41.0864467,1.1258442
2275.0,41.39780210000001,2.1519371
2276.0,37.7805179,-3.8188648
2277.0,37.363995,-5.985863999999999
2282.0,28.1375585,-15.4317028
2285.0,41.313063,2.0696599
2288.0,40.3311115,-3.8748136
2290.0,40.378739,-3.7358924
2291.0,37.369863,-6.087643
2296.0,40.9775718,-5.646114
2297.0,42.0553709,-4.5806388
2298.0,41.41645320000001,1.9943835
2299.0,43.4858665,-8.2218618
2300.0,42.3322435,-2.7586974
2301.0,42.4982376,1.5003936
2302.0,28.401008,-16.32034
2305.0,42.36815680000001,-2.8084472
2306.0,42.4143645,-2.7309778
2307.0,41.1460485,1.0966641
2308.0,36.9327617,-4.5339802
2309.0,36.9329919,-4.5317569
2310.0,37.1014134,-4.9737791
2316.0,41.3789689,2.179794100000001
2317.0,42.3064949,-1.963672
2318.0,36.6656171,-4.5744516
2320.0,43.4780097,-8.1714296
2321.0,41.1194808,1.2592765
2324.0,39.8853763,4.250439
2326.0,43.5065983,-8.220196399999999
2327.0,38.2523465,-0.8019839
2328.0,39.5975635,2.6107965
2330.0,41.614595,0.6166903
2331.0,43.6862907,-7.8549063
2332.0,40.5098835,-3.6704286
2333.0,41.2003384,1.6661246
2335.0,43.4854405,-8.2329191
2336.0,40.4447523,-3.7151309
2338.0,40.4415014,-3.6968159
2342.0,43.2662309,-2.9233345
2343.0,40.3008613,-4.0082563
2347.0,41.403502,2.133358
2348.0,38.9195447,1.3046427
2349.0,39.6660888,3.075388
2350.0,41.4116891,2.1421683
2355.0,41.152008,1.314589
2360.0,42.3070821,-1.9644727
2361.0,41.5769412,1.6330496
2362.0,42.4428039,-2.7079132
2364.0,38.3966949,-0.5229104
2365.0,42.57264620000001,-2.8509314
2366.0,28.2331966,-16.8385003
2367.0,41.26233999999999,1.76921
2369.0,42.4805295,-2.6448722
2370.0,42.8603297,-2.7040666
2371.0,28.458753,-16.253513
2372.0,43.0631374,-2.5066793
2373.0,37.168131,-3.595511
2374.0,41.623684,0.615379
2376.0,42.2666088,0.9772874
2377.0,37.7093318,-3.9980485
2378.0,41.588251,2.5840479
2379.0,42.3583814,-2.4765088
2381.0,42.628562,-0.321317
2386.0,41.6719968,2.7452544
2387.0,40.4322429,-3.694463899999999
2396.0,37.7684784,-0.8424832
2398.0,36.5161592,-4.857249299999999
2399.0,41.3790504,2.0466643
2400.0,37.6531303,-0.8655136
2401.0,36.4888942,-4.995615799999999
2402.0,42.4598196,-2.4566652
2403.0,40.4913742,-3.7140199
2406.0,43.3693605,-8.421355199999999
2407.0,41.450033,2.210347
2408.0,40.4050913,-3.6497581
2409.0,42.3500446,1.4676394
2410.0,42.34045,-7.86006
2411.0,42.5900741,-5.569585099999999
2413.0,42.4670597,-2.4335199
2414.0,28.4660524,-16.249711
2415.0,36.6861381,-6.1345513
2416.0,42.8355789,-1.5857587
2418.0,38.993621,-3.9279991
2419.0,41.5861278,1.6192897
2422.0,40.5297393,-3.628949
2423.0,41.7099047,2.8375709
2424.0,42.7595219,-1.6323607
2425.0,40.41906729999999,0.4199166
2426.0,41.555605,2.0050543
2430.0,40.2858939,-3.8030809
2432.0,42.4615473,-2.4617259
2434.0,37.37341,-5.997249999999999
2436.0,41.1481891,1.104416
2445.0,42.62895,1.11473
2446.0,40.1788837,-3.6909609
2447.0,38.6318196,-0.8612206
2448.0,36.8392106,-2.4661171
2457.0,41.4763947,1.9828691
2462.0,40.3605007,-3.9031888
2463.0,41.623684,0.615379
2482.0,37.7024231,-5.2579968
2486.0,37.890792,-4.79249
2510.0,42.0794772,-1.8028096
2511.0,28.1207854,-15.5191065
2512.0,41.6542931,-0.9124466000000001
2546.0,40.96519000000001,-5.655034
2558.0,41.497423,2.159987
2561.0,41.13705540000001,1.1114997
2564.0,38.1410504,-0.7716182
2565.0,42.4523465,-2.4219519
2570.0,41.8213679,2.8883867
2578.0,42.7258377,-6.2077189
2589.0,41.0753427,1.086635
2590.0,40.347919,-4.096134999999999
2591.0,41.4803984,1.9148091
2592.0,38.4319045,-0.4022347000000001
2594.0,42.0113103,-4.5268054
2621.0,36.7774061,-3.7333537
2654.0,41.6323786,2.0763253
2656.0,42.1339199,1.5907535
2658.0,42.2682677,2.8480876
2671.0,40.8745169,-4.022854199999999
2676.0,43.2942173,-3.0325855
2684.0,43.021109,-4.2155776
2688.0,38.8430833,-6.9691491
2694.0,41.6025195,0.6379619999999999
2695.0,38.36009689999999,-0.4145052
2697.0,40.0036439,3.8512236
2705.0,41.476859,2.0337287
2709.0,40.65345,-3.76647
2717.0,41.6110427,0.6369184000000001
2724.0,36.4027202,-6.1334911
2729.0,40.378739,-3.7358924
2733.0,43.29769599999999,-2.985979
2738.0,37.9797948,-1.1183273
2746.0,40.4300362,-4.057330299999999
2748.0,41.2794807,1.9759767
2749.0,41.0398545,0.2514457
2750.0,41.372991,2.1108278
2753.0,39.5079115,-3.0776568
2784.0,41.683183,-0.825951
2785.0,37.9856424,-1.1287061
2793.0,40.3349467,-3.7708113
2824.0,41.4895975,2.0294206
2842.0,41.5223953,2.3468195
2843.0,41.64817,-3.64596
2912.0,39.49935079999999,-0.4712259
2917.0,37.9385468,-1.1377008
2919.0,43.3147299,-8.381473999999999
2934.0,40.62623,-4.02314
2966.0,43.5266357,-5.6647064
2976.0,41.3203223,2.0040563
3035.0,43.3031627,-8.0459218
3048.0,40.423852,-3.6493425
3052.0,41.0830445,1.1275444
3053.0,41.1209942,1.2379709
3054.0,41.2265057,0.5438288
3059.0,43.2710711,-2.9437102
3062.0,41.567021,2.0379264
3077.0,39.4676547,-0.3960275
3079.0,41.5839319,-4.580409299999999
3081.0,40.9668042,-4.102365
3082.0,41.3319106,1.9233505
3085.0,40.3460431,-4.0337233
3086.0,41.6374459,2.2303562
3087.0,40.46412369999999,-3.6337575
3089.0,41.7277406,1.8309381
3090.0,41.357247,-5.727855
3091.0,37.7222005,-3.972458
3092.0,41.1488815,1.4027503
3112.0,37.20185,-3.62151
3131.0,43.2629496,-2.9336486
3133.0,38.966586,-0.193206
3141.0,41.492187,2.077259
3147.0,41.88144,2.2586401
3152.0,40.6275602,-4.0102099
3154.0,43.35589,-5.842950000000001
3155.0,41.8639164,0.4268727
3156.0,40.31287590000001,-3.7423893
3157.0,40.4475841,-3.7090316
3158.0,43.6121816,-8.1369514
3161.0,37.3393345,-5.849245499999999
3162.0,28.4466279,-16.2847732
3163.0,40.3923831,-3.6374342
3168.0,40.3799293,-3.6629137
3169.0,41.1541718,1.097894
3171.0,38.3466503,-0.5062078999999999
3172.0,35.8881184,-5.3224898
3182.0,42.048011,2.26768
3184.0,43.5461494,-5.920816299999999
3186.0,37.2714371,-6.9367877
3187.0,41.1575598,1.108616
3188.0,28.124033,-15.43381
3190.0,43.3210297,-1.9407204
3194.0,41.6872604,2.4757342
3220.0,41.30268909999999,1.2663402
3222.0,41.9785038,2.8527235
3224.0,38.4319045,-0.4022347000000001
3225.0,40.4595981,-3.5806398
3226.0,40.7489546,-3.5985887
3233.0,43.164236,-2.632972
3242.0,37.3815504,-6.083518600000001
3243.0,41.37057300000001,1.6919908
3244.0,40.220104,-3.848964
3247.0,42.3469633,-3.7788184
3249.0,41.2003384,1.6661246
3251.0,38.7890109,0.1660813
3257.0,39.573691,3.215141
3258.0,42.8309158,-1.6507369
3262.0,41.0414096,0.6002797999999999
3266.0,40.4729146,-3.654719499999999
3281.0,38.4102285,-0.5163312
3284.0,41.840189,2.249515
3297.0,38.2621687,-0.6781053
3298.0,40.4467421,-3.7996363
3300.0,48.78856,10.11383
3311.0,28.4712599,-16.2575441
3313.0,41.49448719999999,2.0383465
3320.0,40.6912058,-3.5711466
3321.0,36.6748506,-4.5493936
3322.0,43.16398,-2.778248
3334.0,41.748669,2.5575051
3336.0,42.3583814,-2.4765088
3341.0,27.7663481,-18.0042572
3345.0,42.0111171,2.2778128
3346.0,40.4291677,-3.7073407
3351.0,41.41022,1.92419
3365.0,42.8605668,-8.544635999999999
3376.0,40.4715678,-3.4498346
3382.0,42.2209791,-8.740779999999999
3383.0,41.59696539999999,2.2825424
3399.0,43.2551467,-2.920115
3419.0,41.22076089999999,1.5111806
3441.0,41.5307,1.38321
3447.0,40.060911,-3.607774
3448.0,39.5506287,-0.4607809
3449.0,41.5891557,0.6867939
4.0,41.4477727,2.2445407
512.0,41.4518333,2.2507317
535.0,41.4473773,2.247625
600.0,41.453807,2.247742
625.0,41.4321101,2.235967
664.0,41.4518333,2.2507317
979.0,41.4438023,2.240715
1013.0,41.4326207,2.2204071
1050.0,41.46073140000001,2.2436563
1218.0,41.441664,2.2349176
1269.0,41.45476379999999,2.2285864
1302.0,41.4488071,2.2249427
1634.0,41.4520322,2.2223216
2011.0,41.4550803,2.2213995
2118.0,41.4435807,2.2248966
2179.0,41.4668363,2.2507317
2458.0,41.4420207,2.240888
2472.0,41.474766,2.2285864
2644.0,41.4321101,2.235967
2646.0,41.4420207,2.240888
2992.0,41.45476379999999,2.2285864
3042.0,41.4420207,2.240888
3074.0,41.4420207,2.240888
3201.0,41.4668363,2.2507317
3215.0,41.4518333,2.2507317
3417.0,41.45476379999999,2.2285864
1.0,41.3957083,2.1498505
3.0,41.4199633,2.1786497
10.0,41.3957083,2.1498505
33.0,41.4013662,2.1460927
35.0,41.4063177,2.1928194
70.0,41.387579,2.106328
74.0,41.3895695,2.1634895
76.0,41.4044995,2.2006484
77.0,41.4296934,2.180934
78.0,41.392047,2.17047
79.0,41.4187349,2.1427381
81.0,41.3930155,2.1210243
83.0,41.3920684,2.149768
85.0,41.44201580000001,2.1819808
101.0,41.40293399999999,2.121508
114.0,41.4072853,2.1815532
115.0,41.39714559999999,2.1234488
116.0,41.4343657,2.1550799
121.0,41.3928081,2.1665822
123.0,41.3907359,2.171782
133.0,41.431847,2.1643657
137.0,41.40605499999999,2.118598
145.0,41.4218508,2.1191727
155.0,41.4108966,2.1941324
158.0,41.3888,2.1058618
163.0,41.3795863,2.1683571
165.0,41.3999835,2.1487078
168.0,41.395688,2.149909
169.0,41.4080012,2.1677748
185.0,41.4426428,2.1880918
187.0,41.4024505,2.2084749
192.0,41.3758065,2.144462
206.0,41.4125664,2.2113698
208.0,41.4171333,2.1008486
241.0,41.4075177,2.1240075
245.0,41.3899238,2.1511635
260.0,41.4110304,2.1331623
264.0,41.4060281,2.1327874
269.0,41.4060281,2.1327874
278.0,41.4072703,2.1543484
299.0,41.412997,2.181822
307.0,41.422858,2.191257
310.0,41.3688085,2.1482732
324.0,41.3936612,2.1291407
325.0,41.4294236,2.1782978
327.0,41.3992364,2.145023
328.0,41.4211364,2.2114612
331.0,41.374818,2.137856
332.0,41.3966295,2.1480942
334.0,41.3888262,2.1381337
343.0,41.3953985,2.1265187
364.0,41.422182,2.189392
365.0,41.4065201,2.1480927
368.0,41.3853626,2.160137
374.0,41.3936555,2.1286963
389.0,41.3945632,2.1708139
390.0,41.3807741,2.127785
403.0,41.4050886,2.2114009
417.0,41.378478,2.156047
418.0,41.422182,2.189392
431.0,41.4037588,2.12435
432.0,41.4218508,2.1191727
434.0,41.409338,2.1336537
439.0,41.390891,2.131267
456.0,41.3962843,2.1546645
457.0,41.4310031,2.1782248
458.0,41.4181619,2.1515283
459.0,41.4171333,2.1008486
470.0,41.3999835,2.1487078
490.0,41.3847326,2.1609876
493.0,41.3857919,2.1282618
500.0,41.4097358,2.1327992
506.0,41.4343657,2.1550799
510.0,41.3908551,2.1745376
522.0,41.4171333,2.1008486
545.0,41.39392,2.10896
552.0,41.3823058,2.1680511
582.0,41.4069911,2.2090865
606.0,41.4362051,2.1494151
609.0,41.39438190000001,2.1131154
615.0,41.384407,2.0969873
621.0,41.4165196,2.2003117
638.0,41.4048541,2.1607234
640.0,41.3729439,2.1735053
642.0,41.3964518,2.1635669
652.0,41.395495,2.150113
660.0,41.4019536,2.20585
663.0,41.3899238,2.1511635
676.0,41.4182422,2.2106149
696.0,41.39554589999999,2.1103813
697.0,41.3999256,2.138755
713.0,41.4048132,2.1518926
716.0,41.4048435,2.1712285
717.0,41.41122499999999,2.1525161
719.0,41.4171333,2.1008486
720.0,41.4388921,2.1861936
721.0,41.4162028,2.1991233
743.0,41.4108653,2.1885434
747.0,41.369686,2.1380647
748.0,41.3818695,2.13296
771.0,41.3827775,2.1797204
773.0,41.40283,2.1714195
779.0,41.3785528,2.1337295
786.0,41.3930155,2.1210243
792.0,41.3999835,2.1487078
804.0,41.42304439999999,2.1867861
829.0,41.4046843,2.1977762
830.0,41.3900106,2.1713392
831.0,41.38427009999999,2.1855573
837.0,41.4162244,2.1992805
858.0,41.4090402,2.1327491
883.0,41.4078003,2.1384644
896.0,41.4290562,2.1733102
931.0,41.44201580000001,2.1819808
932.0,41.3935083,2.178625
935.0,41.3977365,2.2015347
946.0,41.4279899,2.191263
984.0,41.4219178,2.1864738
994.0,41.4265727,2.1811912
998.0,41.378312,2.1285493
1007.0,41.3759485,2.1160367
1014.0,41.4228978,2.1906875
1019.0,41.3764621,2.1627563
1021.0,41.400243,2.1456437
1049.0,41.4038111,2.1426843
1051.0,41.4314061,2.1857498
1057.0,41.3751275,2.1388864
1068.0,41.44201580000001,2.1819808
1072.0,41.3973288,2.1747677
1088.0,41.3819452,2.1730849
1090.0,41.3933231,2.1080203
1099.0,41.4432003,2.1753057
1100.0,41.3715639,2.145868
1105.0,41.4165972,2.1622993
1144.0,41.4077328,2.1308732
1157.0,41.4128074,2.1904985
1159.0,41.4159252,2.2052265
1167.0,41.40303249999999,2.2092203
1182.0,41.3965313,2.1438201
1383.0,41.3981898,2.149453
1404.0,41.3718413,2.1281025
1416.0,41.4031629,2.145482
1424.0,41.383518,2.1750891
1441.0,41.410509,2.1896933
1444.0,41.4125897,2.1437968
1468.0,41.4180107,2.1814336
1475.0,41.4109525,2.1716821
1482.0,41.3859026,2.1757907
1485.0,41.3841611,2.1285809
1498.0,41.3859026,2.1757907
1530.0,41.4094373,2.1105586
1535.0,41.4328692,2.2001613
1560.0,41.409934,2.126379
1599.0,41.3935126,2.1752366
1647.0,41.4052707,2.1507636
1651.0,41.415642,2.1940639
1673.0,41.4090402,2.1327491
1685.0,41.376472,2.1133085
1696.0,41.4264213,2.1401139
1709.0,41.3632649,2.1428034
1714.0,41.3924046,2.1287719
1722.0,41.4079352,2.1939075
1724.0,41.3825113,2.1772081
1734.0,41.3768494,2.1349403
1735.0,41.3759485,2.1160367
1752.0,41.383518,2.1750891
1787.0,41.4038196,2.2106468
1795.0,41.393237,2.134319
1819.0,41.4051651,2.1251291
1833.0,41.3758065,2.144462
1835.0,41.4100971,2.1829077
1836.0,41.378312,2.1285493
1872.0,41.4136304,2.1795912
1882.0,41.39438190000001,2.1131154
1902.0,41.4231138,2.20165
1906.0,41.3910558,2.1541746
1907.0,41.412997,2.181822
1968.0,41.4001504,2.1258117
1970.0,41.3809737,2.1512819
1984.0,41.486139,2.320627
2035.0,41.5453528,1.9003008
2093.0,41.4072853,2.1815532
2281.0,41.3867937,2.149949
2334.0,41.402468,2.187397
2337.0,41.4283146,2.1871543
2339.0,41.42630219999999,2.1531435
2380.0,41.38846909999999,2.1303444
2438.0,41.39780210000001,2.1519371
2443.0,41.3939744,2.1503911
2460.0,41.3613993,2.1415909
2475.0,41.39438190000001,2.1131154
2562.0,41.409386,2.1374703
2563.0,41.4048434,2.1712285
2606.0,41.396475,2.128357
2786.0,41.3906731,2.1376811
2791.0,41.4337705,2.1483181
2822.0,41.39438190000001,2.1131154
2884.0,41.436921,2.1806423
2986.0,41.3910558,2.1541746
3164.0,41.3895031,2.1421034
3185.0,41.3828639,2.1767069
3203.0,41.4079099,2.1301924
3250.0,41.41985409999999,2.2003341